0.000010    0.6
0.000020    0.6
0.000030    0.7
0.000040    0.7
0.000050    0.6
0.000060    0.6
0.000070    0.35
0.000080    0.35
0.000090    0.6
0.000100    0.6
0.000110    0.5
0.000120    0.5
0.000130    0.6 
0.000140    0.6
0.000150    0.4
0.000160    0.4
0.000170    0.6
0.000180    0.6
0.000190    0.75
0.000200    0.75
0.000210    0.6
0.000220    0.6
0.000230    0.85 
0.000240    0.85  
0.000250    0.6
0.000260    0.6
0.000270    0.35
0.000280    0.35
0.000290    0.6
0.000300    0.6
0.000310    0.4
0.000320    0.4
0.000330    0.6 
0.000340    0.6
0.000350    0.8
0.000360    0.8
0.000370    0.6
0.000380    0.6
0.000390    0.6
0.000400    0.6
0.000410    0.65
0.000420    0.65
0.000430    0.60
0.000440    0.60
0.000450    0.55
0.000460    0.55
0.000470    0.6
0.000480    0.6
0.000490    0.62
0.000500    0.62


