0.000010    0.6
0.000020    0.6
0.0000201   0.7
0.000030    0.7
0.000040    0.7
0.0000401   0.6
0.000050    0.6
0.000060    0.6
0.0000601   0.35
0.000070    0.35
0.000080    0.35
0.0000801   0.6
0.000090    0.6
0.000100    0.6
0.0001001   0.5
0.000110    0.5
0.000120    0.5
0.0001201   0.6
0.000130    0.6 
0.000140    0.6
0.0001401   0.4
0.000150    0.4
0.000160    0.4
0.0001601   0.6
0.000170    0.6
0.000180    0.6
0.0001801   0.75
0.000190    0.75
0.000200    0.75
0.0002001   0.6
0.000210    0.6
0.000220    0.6
0.0002201   0.85
0.000230    0.85 
0.000240    0.85
0.0002401   0.6   
0.000250    0.6
0.000260    0.6
0.0002601   0.35
0.000270    0.35
0.000280    0.35
0.0002801   0.6
0.000290    0.6
0.000300    0.6
0.0003001   0.4
0.000310    0.4
0.000320    0.4
0.0003201   0.6
0.000330    0.6 
0.000340    0.6
0.0003401   0.8
0.000350    0.8
0.000360    0.8
0.0003601   0.6
0.000370    0.6
0.000380    0.6
0.0003801   0.7
0.000390    0.7
0.000400    0.7
0.0004001   0.6
0.000410    0.6
0.000420    0.6
0.000421    0.65
0.000430    0.65
0.000440    0.65
0.0004401   0.6
0.000450    0.6
0.000460    0.6
0.000461    0.85
0.000470    0.85
0.000480    0.85
0.0004801   0.6
0.000490    0.6
0.000500    0.6


