0.000010    0.3
0.000020    0.3
0.0000201   0.35
0.000030    0.35
0.000040    0.35
0.0000401   0.15
0.000050    0.15
0.000060    0.15
0.0000601   0.2
0.000070    0.2
0.000080    0.2
0.0000801   0.25
0.000090    0.25
0.000100    0.25
0.0001001   0.15
0.000110    0.15
0.000120    0.15
0.0001201   0.16
0.000130    0.16 
0.000140    0.16
0.0001401   0.24
0.000150    0.24
0.000160    0.24
0.0001601   0.16
0.000170    0.16
0.000180    0.16
0.0001801   0.175
0.000190    0.175
0.000200    0.175
0.0002001   0.26
0.000210    0.26
0.000220    0.26
0.0002201   0.185
0.000230    0.185 
0.000240    0.185
0.0002401   0.26   
0.000250    0.26
0.000260    0.26
0.0002601   0.335
0.000270    0.335
0.000280    0.335
0.0002801   0.26
0.000290    0.26
0.000300    0.26
0.0003001   0.14
0.000310    0.14
0.000320    0.14
0.0003201   0.26
0.000330    0.26 
0.000340    0.26
0.0003401   0.18
0.000350    0.18
0.000360    0.18
0.0003601   0.316
0.000370    0.316
0.000380    0.316
0.0003801    0.156
0.000390    0.156
0.000400    0.156
0.0004001   0.165
0.000410    0.165
0.000420    0.165
0.000421    0.260
0.000430    0.260
0.000440    0.260
0.0004401   0.155
0.000450    0.155
0.000460    0.155
0.000461    0.226
0.000470    0.226
0.000480    0.226
0.0004801   0.162
0.000490    0.162
0.000500    0.162


